file: /home/arodjr/workspace/20250427_173836_lr_5e-02_b_32/txt/out0_normal.txt
tp: 27984 fp: 5068 fn: 4793
precision: 0.846666
recall: 0.853769
Fmeasure: 0.850203

