file: /home/arodjr/workspace/20250427_173836_lr_5e-02_b_32/txt/out1_crowd.txt
tp: 18593 fp: 9740 fn: 9410
precision: 0.656231
recall: 0.663965
Fmeasure: 0.660075

