file: /home/arodjr/workspace/20250427_173836_lr_5e-02_b_32/txt/out3_shadow.txt
tp: 1849 fp: 1065 fn: 1027
precision: 0.634523
recall: 0.642907
Fmeasure: 0.638687

